36

A 2
4.64453,0.3565369 6.28418,0 4.39453,21.0059001 -4.51172,0 -0.71777,-3.9112 -4.62891,0 -0.82031,3.9112 -4.39453,0 4.39453,-21.0059001
1.65527,13.0518001 2.85645,0 -1.30371,-6.5186001 -1.55274,6.5186001

B 3
0.25,0.4151369 10.53223,0 2.95898,2.959 0,4.7314 -1.88965,2.3731001 1.88965,1.8896 0,6.0352 -2.8418,2.959 -10.64941,0 0,-20.9473001
4.2627,4.1455 0,4.0137 4.96582,0 0,-4.0137 -4.96582,0
0,8.2764001 0,4.3799 4.96582,0 0,-4.3799 -4.96582,0

C 1
3.0918,0.4151369 7.57324,0 2.95898,3.0762 0,4.6142 -4.26269,0 0,-3.5449 -4.84863,0 0,12.6563001 4.84863,0 0,-4.8487 4.26269,0 0,6.0352 -2.95898,2.959 -7.57324,0 -2.8418,-2.959 0,-15.0293001 2.8418,-2.959

D 2
0.25,0.4151369 10.41504,0 2.95898,2.959 0,15.0293001 -2.84179,2.959 -10.53223,0 0,-20.9473001
4.2627,4.1455 0,12.6563001 4.84863,0 0,-12.6563001 -4.84863,0

E 1
0.25,0.4154369 11.00098,0 0,4.1456 -6.73828,0 0,4.0137 6.73828,-0.044 0,4.3652001 -6.73828,-0.059 0,4.3799 6.73828,0.088 0,4.0576 -11.00098,0 0,-20.9473001

F 1
0.25,0.4152369 10.18067,0 0,4.1455 -5.91797,0 0,4.0137 5.91797,-0.044 0,4.3066001 -5.91797,0 0,8.5254 -4.2627,0 0,-20.9473001

G 1
3.10645,0.3412369 7.71972,0 2.8418,3.0908 0,2.7246 -4.39453,0 0,-1.6552 -4.74609,0 0,12.7002001 4.86328,0.059 0,-4.3653 -1.77246,-0.029 0,-4.0869001 6.0498,0 0,9.4922001 -2.8418,3.0908 -7.60254,0 -2.97363,-2.9736 0,-15.1904001 2.85645,-2.8565

H 1
0.25004,0.4004369 4.2627,0 0,7.7051 4.7168,0 0.0146,-7.7051 4.39454,0 0,20.9619001 -4.2627,0 0,-9.1699 -4.86328,0.044 0,9.126 -4.2627,0 0,-20.9619001

I 1
0.25,0.4591369 4.24805,0 0,20.9033001 -4.24805,0 0,-20.9033001

J 1
8.51172,0.4591369 4.26269,0 0,17.9443001 -2.72461,2.8418 0,0.1172 -6.84082,0 -2.95898,-3.0762 0,-5.9033 4.24805,0 0,4.8486 4.01367,0 0,-16.7724001

K 1
0.25,0.4005369 4.26269,0 0,8.1738 4.14551,-8.1738 4.84863,0 -5.083,9.5947 6.03515,11.3672001 -4.84863,0 -5.09766,-9.9463 0,9.9463 -4.26269,0 0,-20.9619001

L 1
0.25,0.3419369 4.27734,0 0,16.8604001 5.46387,0 0,4.1601 -9.74121,0 0,-21.0205001

M 1
0.25,0.4005369 6.26953,0 2.85645,10.0635001 2.47558,-10.0635001 6.51856,0 0,20.9619001 -4.2627,0 0,-13.8574001 -3.55957,13.8574001 -2.47559,0 -3.55957,-13.8574001 0,13.8574001 -4.26269,0 0,-20.9619001

N 1
0.25002,0.3858369 5.36133,0 4.36523,11.7773001 -0.0586,-11.7773001 4.1748,0 0,20.9766001 -5.53711,0 -4.11621,-12.4952001 0.0293,12.4952001 -4.16016,0 -0.0586,-20.9766001

O 2
3.20899,0.3712369 7.54394,0 2.94434,2.9443 0,15.2198001 -2.94434,2.8271 -7.42676,0 -3.07617,-3.0615 0,-14.9854001 2.95899,-2.9443
1.40625,4.248 0,12.6123001 4.83398,0 0,-12.6123001 -4.83398,0

P 2
10.26953,0.3273369 2.94434,3.0615 0,9.3164001 -2.82715,2.9444 -5.77148,0 0,5.7128 -4.36524,0 0,-21.0937001 10.01953,0.059
-5.65429,4.248 0,6.8262001 4.35058,0 0,-6.8262001 -4.35058,0

Q 2
3.07715,0.3858369 7.0752,0 2.82715,2.8272 0,14.1357001 -2.94434,2.8418 -1.06934,0 0,1.1719 -4.70214,0 0,-1.1719 -1.06934,0 -2.94434,-2.8418 0,-14.1357001 2.82715,-2.8272
1.30371,4.0137 0,11.7773001 4.58496,0 0,-11.7773001 -4.58496,0

R 2
10.53324,0.3272369 3.07617,2.959 0,6.2549 -1.77246,1.8896001 1.77246,1.7725 0,8.042 -4.26269,0 0,-8.042 -4.89258,0 0.0439,8.1592 -4.24804,0 0,-21.0938001 10.2832,0.059
-6.03516,4.248 0,4.4971 4.84864,0 0,-4.4971 -4.84864,0

S 1
3.19434,0.3858369 7.42676,0 2.94433,2.9443 0,3.0616 -4.24804,0 0,-1.7579 -4.81934,0 0,3.9991 6.24024,0 2.82714,2.9443001 0,6.7236 -2.94433,3.0616 -7.42676,0 -2.94434,-3.0616 0,-2.9443 4.27735,0 -0.0293,1.7871 4.81934,0.088 0,-4.4678 -6.12305,0 -2.94434,-2.9443001 0,-6.3721 2.94434,-3.0615

T 1
0.25,0.3862369 12.6123,-0.059 0,4.3066 -4.13086,0 0,16.7286001 -4.2334,0 0,-16.7286001 -4.24804,0 0,-4.248

U 1
0.25,0.3862369 4.36523,-0.059 0,16.7871001 4.70215,0 0,-16.7285001 4.24805,0 0,17.9150001 -2.94434,3.0616 -7.42676,0 -2.94433,-2.9444 0,-18.0322001

V 1
0.25,0.3712369 4.36524,0 2.82715,13.6816001 2.70996,-13.6816001 4.48242,0 -4.36523,20.9912001 -5.41993,0 -4.59961,-20.9912001

W 1
0.25,0.2686369 4.26269,0 2.72461,12.5684001 2.60742,-12.5684001 4.14551,0 2.85645,12.5684001 2.3584,-12.5684001 4.39453,0 -4.36524,21.0938001 -4.52636,0 -2.60743,-11.4990001 -2.95898,11.4990001 -4.62891,0 -4.26269,-21.0938001

X 1
0.95313,0.3712369 4.59961,0 2.3584,5.7715 2.59277,-5.7715 4.7168,0 -4.2334,9.6094 4.74609,11.3818001 -4.51172,0 -3.31054,-7.5439 -3.06153,7.5439 -4.59961,-0.1172 4.95118,-11.206 -4.24805,-9.6680001

Y 1
0.25,0.2536369 4.37988,0 2.70996,6.0352 2.60743,-6.0352 4.49707,0 -4.84864,11.4697001 0.0293,9.5801 -4.40918,0.059 0,-9.5508 -4.96582,-11.5576001

Z 1
0.60156,0.3126369 11.20605,0 0,3.7793 -6.48925,12.9639001 6.48925,0 0,4.3066 -11.55761,0 0,-3.7207 6.48925,-13.1982001 -6.13769,0 0,-4.1309

0 2
2.71094,0.3712369 6.47461,0 2.44629,2.9004 0,15.1904001 -2.56348,2.9004 -6.25488,0 -2.56348,-2.7978 0,-15.2930001 2.46094,-2.9004
1.23047,4.1309 0,12.8466001 4.01367,0 0,-12.8466001 -4.01367,0

1 1
2.76953,0.3712369 3.79395,0 0,20.9912001 -3.91113,0 0,-14.6777001 -2.37305,0 -0.0293,-3.3252 2.51953,-2.9883

2 1
2.6377,0.3716369 6.79687,0 2.3877,2.7246 0,6.9141001 -5.44922,7.2656 6.35742,-0.059 0,4.1455 -11.45508,0 0,-4.0869 6.79688,-8.8477001 0,-3.9697 -4.07227,0 0,2.6074 -3.75,0 0,-3.5156 2.3877,-3.1787

3 1
2.68164,0.4298369 6.43066,0 2.43165,2.7685 0,6.5333 -0.87891,1.2158001 0.87891,0.9961 0,6.5332 -2.65137,2.8857 -6.09375,0 -2.54883,-2.8857 0,-3.9844 3.66211,0 0,2.7685 3.98437,0 0,-4.6435 -3.10547,0 0,-3.5449001 3.10547,0 0,-4.6582 -3.98437,0 0,2.5488 -3.66211,0 0,-3.7647 2.43164,-2.7685

4 2
5.66992,0.3709369 5.6543,-0.029 0,11.7920001 2.08008,0 0,4.043 -2.08008,0 0,5.1855 -3.80859,0 0,-5.1855 -7.26563,0 0,-4.043 5.41992,-11.7627001
-1.49414,11.7627001 3.33985,0 0,-7.0313001 -3.33985,7.0313001

5 1
0.48438,0.2394369 11.41113,0 0,4.3359 -7.64649,0 0,3.6621 5.1416,0 2.95899,3.3105001 0,6.8409 -2.62207,2.9736 -6.85547,0 -2.62207,-2.9736 0,-3.8819 3.76465,0 0,2.7393 4.57031,-0.073 0,-4.9512 -8.10058,0 0,-11.9824001

6 2
2.59375,0.4005369 7.0166,0 2.56348,3.1201 0,3.5742 -3.67676,0 0,-2.5635 -4.57031,0 0,4.336 5.12695,0 2.56348,2.9004001 0,6.8115 -2.44629,2.7832 -6.47461,0 -2.44629,-2.9004 0,-15.1611001 2.34375,-2.9004
1.33301,12.4951001 0,4.4531 4.01367,-0.073 0,-4.3799 -4.01367,0

7 1
0.25001,0.3712369 12.04101,0 -0.0293,4.4385 -6.18164,16.5527001 -4.32129,0 5.96191,-16.7871001 -7.4707,0 0,-4.2041

8 3
2.74023,0.3712369 6.54786,0 2.47558,2.8125 0,6.5479 -0.9082,1.1279001 0.9082,1.1279 0,6.2109 -2.37305,3.0469 0,0.1172 -6.54785,0 -2.59277,-2.9297 0,-6.3281 1.01074,-1.2451 -1.01074,-1.2305001 0,-6.3281 2.49023,-2.9297
1.23047,4.0576 0,4.5117 4.07227,0 0,-4.5117 -4.07227,0
0,8.4668001 0,4.4092 4.07227,0 0,-4.4092 -4.07227,0

9 2
3.28223,0.4298369 6.5332,0 2.47559,2.8125 0,15.1904001 -2.47559,2.9297 -7.20703,0 -2.3584,-2.9297 0,-3.75 3.70606,-0.073 0,2.6953 4.61426,0.073 -0.0733,-4.3506 -4.98046,0 -2.70997,-2.915 0,-6.8701001 2.47559,-2.8125
1.24512,4.0576 0,4.4971 4.04297,0 0,-4.4971 -4.04297,0

