43

building 1
55 55 55
cc cc cc
230,369 70,0 0,20 -70,0 0,-20

building 1
55 55 55
cc cc cc
230,341 70,0 0,20 -70,0 0,-20

building 1
55 55 55
cc cc cc
316,341 70,0 0,20 -70,0 0,-20

building 1
55 55 55
cc cc cc
316,369 70,0 0,20 -70,0 0,-20

building 1
55 55 55
cc cc cc
207.929,364.673 -4.214,4.164 -4.213,4.163 -5.924,-0.036 -5.923,-0.035 -4.164,-4.214 -4.163,-4.213 0.035,-5.924 0.036,-5.923 4.213,-4.164 4.214,-4.163 5.924,0.035 5.923,0.036 4.164,4.213 4.163,4.214 -0.036,5.924 -0.035,5.923

building 1
55 55 55
cc cc cc
296.938,307.771 -3.658,3.615 -3.658,3.614 -5.142,-0.031 -5.143,-0.031 -3.614,-3.658 -3.614,-3.658 0.031,-5.142 0.03,-5.143 3.658,-3.614 3.658,-3.614 5.143,0.031 5.142,0.03 3.615,3.658 3.614,3.658 -0.031,5.143 -0.031,5.142

building 1
55 55 55
cc cc cc
296.938,273.663 -3.658,3.614 -3.658,3.614 -5.142,-0.031 -5.143,-0.03 -3.614,-3.658 -3.614,-3.658 0.031,-5.143 0.03,-5.142 3.658,-3.615 3.658,-3.614 5.143,0.031 5.142,0.031 3.615,3.658 3.614,3.658 -0.031,5.142 -0.031,5.143

building 1
55 55 55
cc cc cc
316,263.378 0,10.136 7,7.316 25,0.03 4,-3.583 0,-8.757 -4,-5.142 -32,0

building 1
55 55 55
cc cc cc
320,307.591 -4,-10.135 7,-7.316 25,-0.031 4,3.583 0,8.757 -4,5.142 -28,0

building 1
55 55 55
cc cc cc
355,263.229 0,44.362 23,0 0,-44.213 -23,-0.149

building 1
55 55 55
cc cc cc
355,310 0,16 23,0 0,-16 -23,0

building 1
55 55 55
cc cc cc
213,259.72 0,23.28 38,0 0,-23.28 -38,0

building 1
55 55 55
cc cc cc
213,288 0,29 7,0 0,-7 10,0 0,7 8,0 0,-7 13,0 0,-22 -38,0

building 1
55 55 55
cc cc cc
238,212 0,29 30,0 0,-29 -30,0

building 1
55 55 55
cc cc cc
272.109,241 24.829,0 0,-38 -3.552,0 0,-4 -3.615,0 0,-3 -21.771,0 -2,3 0,8 6.109,0 0,34

building 1
55 55 55
cc cc cc
320,212 0,-7 8,-6 7,0 0,4 9,0 4,4 0,5 4,4 3,0 0,9 -3,0 0,9 -4,5 -8,0 0,-2 -9,0 -6,-5 0,-7 -5,0 0,-13

building 1
55 55 55
cc cc cc
359,199 0,43 30,0 0,-43 -30,0

building 1
55 55 55
cc cc cc
401,221 -2,13 20,2 1,-5 53,6 0,-9 -72,-7

building 1
55 55 55
cc cc cc
424,237 -3,27 12,1 3,-27 -12,-1

building 1
55 55 55
cc cc cc
440,239 -3,27 28,2.52 3,-26.52 -28,-3

building 1
55 55 55
cc cc cc
405,268.371 -1,7.629 61,6 1,-8 -61,-5.629

building 1
55 55 55
cc cc cc
404,304 -2,13 55,5 1,-13 -54,-5

building 1
55 55 55
cc cc cc
405,282 -1,15.337 48,3.663 1,-15 -48,-4

building 1
55 55 55
cc cc cc
404,322 0,6 22,2 28,0 0,-5 -28,0 -22,-3

building 1
55 55 55
cc cc cc
473,250 -1,9.72 7,1.28 1,-11 -7,0

building 1
55 55 55
cc cc cc
402,333 0,13 47,0 0,-13 -47,0

building 1
55 55 55
cc cc cc
415,350 0,14.673 14,0 0,-3.673 14,0 0,3.673 6,-0.171 0,-14.502 -34,0

building 1
55 55 55
cc cc cc
402,370 0,24 27,0 0,-24 -27,0

building 1
55 55 55
cc cc cc
440,368.715 0,26.285 9,0 0,-13 3,0 0,-13.285 -12,0

building 1
55 55 55
cc cc cc
441,398 0,6 5,0 0,2 7,0 0,-8 -12,0

building 1
55 55 55
cc cc cc
364,406 0,17 10,0 0,-3 37,0 0,3 4,0 0,-3 18,0 0,-11 -59,0 0,-3 -10,0

building 1
55 55 55
cc cc cc
364,430 0,24 15,0 0,-8 19,0 0,-16 -34,0

building 1
55 55 55
cc cc cc
402,430 0,16 34,0 0,-16 -34,0

building 1
55 55 55
cc cc cc
402,452 0,15 32,0 0,-15 -32,0

building 1
55 55 55
cc cc cc
372,467 27,0 0,-13 -27,0 0,13

building 1
55 55 55
cc cc cc
401,472 8,0 0,8 2,0 0,8 3,0 0,5 -5,4 -8,0 0,-25

building 1
55 55 55
cc cc cc
377,471 0,11 10,0 0,10 10,0 0,-21 -20,0

building 1
55 55 55
cc cc cc
341,463 0,11 15,0 0,-11 -15,0

building 1
55 55 55
cc cc cc
340,482 24,0 0,3 6,0 0,3 4,0 0,11 -7,0 0,8 -30,0 0,-8 -7,0 0,-11 4,0 0,-3 6,0 0,-3

building 1
55 55 55
cc cc cc
250.554,481.5 24,0 0,3 6,0 0,3 4,0 0,11 -7,0 0,8 -30,0 0,-8 -7,0 0,-11 4,0 0,-3 6,0 0,-3

building 1
55 55 55
cc cc cc
316,514 0,8 4,0 2,2 2,-2 13,0 0,-8 -21,0

building 1
55 55 55
cc cc cc
299,514 0,8 -4,0 -2,2 -2,-2 -13,0 0,-8 21,0

building 1
55 55 55
cc cc cc
270,411 0,12 33,0 0,-12 -33,0

building 1
55 55 55
cc cc cc
323,411 0,12 33,0 0,-12 -33,0

building 1
55 55 55
cc cc cc
187.826,380 0,13.858 36.674,0 0,-13.858 -36.674,0

building 1
55 55 55
cc cc cc
151,364.673 0,9.327 24,0 0,-9.327 -24,0

building 1
55 55 55
cc cc cc
211,445 0,8 -13,0 0,4 39,0 0,-4 10.554,0 0,-4 4.446,0 0,19 -25,0 0,4 24,0 0,9 -56,0 0,-9 29.5,0 0,-4 -36.845,0 0,-23 23.345,0

building 1
55 55 55
cc cc cc
214,441 0,8 38,0 0,-41 -34,0 -3,-4 -11.285,0 0,30 9.285,0 1,3 30.554,0 0,4 -30.554,0

building 1
55 55 55
cc cc cc
201,404 -9,0 0,4 -7,0 0,10 4,0 0,16 12,0 0,-30

building 1
55 55 55
cc cc cc
165,454 0,25 12,0 0,-25 -12,0

building 1
55 55 55
cc cc cc
151,441 0,8 28.399,0 0,-8 -28.399,0

building 1
55 55 55
cc cc cc
160,431 -6,5 6,4 5,-2 4,0 0,-4 -4,0 -5,-3

building 1
55 55 55
cc cc cc
149,420 0,10 31,0 0,-10 -31,0

building 1
55 55 55
cc cc cc
156,406 0,12 23.399,0 -0.071,-12 -23.328,0

building 1
55 55 55
cc cc cc
154,309 0,30 25.328,0 0,-4 10.672,0 0,4 11,0 0,-17 -11,0 0,6 -10,0 0,-19 -26,0

building 1
55 55 55
cc cc cc
154,279 0,28 49.715,0 0,-28 -49.715,0

building 1
55 55 55
cc cc cc
170,261 0,3 -13,0 0,4.371 15,0 0,7.629 24,0 0,-5 3.502,0 0,-5 -3.502,0 0,-5 -26,0

building 1
55 55 55
cc cc cc
157,242 0,10 15,0 0,5 31,0 0,-9 -7,0 0,-10 -4,0 0,10 -14,0 0,-10 -5,0 0,4 -16,0

building 1
55 55 55
cc cc cc
163,228 0,10 48,0 0,-10 -48,0

building 1
55 55 55
cc cc cc
173,217 0,8 50,0 0,-8 -50,0

building 1
55 55 55
cc cc cc
173,203 0,9 50,0 0,-9 -6,0 4,-13 -15,0 4,13 -37,0

building 1
55 55 55
cc cc cc
401,184 0,26 10,0 0,-25 -10,-1

building 1
55 55 55
cc cc cc
414,177 1,34 14,1 0,-20 4,0 0,-14 -19,-1

building 1
55 55 55
cc cc cc
409,172 24,0 0,-26 -24,0 0,26
