8

canopy 1
33 55 33
cc cc cc
1.3725439,-167.89344 -43.5909999,7.86039 -27.6579,17.04712 -25.9338,32.80982 190.92381,-0.80559 -24.9732,-31.41782 -27.5281,-19.43178

lines-1 1
00 00 00
cc cc cc
-95.810156,-110.17611 80.754,111.8786353 -43.6943,-112.0350053

lines-2 1
00 00 00
cc cc cc
-32.972156,-110.44125 17.916,112.1437753 14.70789985,-112.2814253


lines-3 1
00 00 00
cc cc cc
31.470154,-110.71316 -17.6397,112.5134253 -14.17871015,-112.3791653

lines-4 1
00 00 00
cc cc cc
58.057354,-110.82534 -44.2269,112.6256053 81.2832,-112.7819653

head 1
33 55 33
cc cc cc
-0.14685615,1.9009653 -9.46569965,-5.13561 -1.0069002,-7.5523603 5.2362999,-6.64608 10.47261,0.1007 2.4167,6.34398 -0.6042,7.9551603

body 1
33 55 33
cc cc cc
-0.14685615,1.9009653 -14.90929985,-0.19844 -13.5921,22.0646797 4.9843,4.55708 11.3927,-15.52255 1.9225,24.77912 16.4482099,0.14241 1.7089,-24.35189 9.6838001,14.6681 3.9875,-4.69949 -7.6492,-21.5397197

feet 1
33 55 33
cc cc cc
-10.348756,37.580855 -1.2105,28.33934 8.4020999,1.56649 2.42099995,-22.21576 1.85130005,22.21576 8.11731,-1.13927 -3.133,-28.62415
