26

fuselage 1
22 55 22
cc cc cc
8.6126221,49.76161 11.8692999,-5.3033 10.1016,-10.85914 4.2931,-10.35406 0,-12.37437 -2.0203,-13.8896 -12.8794,-43.43655 -19.96969996,0.007 -19.96970004,-0.007 -12.8794,43.43656 -2.0203,13.8896 0,12.37437 4.2931,10.35406 10.1016,10.85914 11.8693001,5.3033 8.60539994,1.10486

nose 1
33 55 33
cc cc cc
-5.4569779,28.67626 -6.6965001,-1.07142 -7.9464,-4.55358 -4.5536,-6.69642 -1.3393,-9.01786 1.1608,-9.01786 3.0357,-9.01786 4.9107,-6.60714 6.4286,-4.55357 10.46420004,-2.23215 10.46419996,2.23215 6.4286,4.55357 4.9107,6.60714 3.0357,9.01786 1.1608,9.01786 -1.3393,9.01786 -4.5536,6.69642 -7.9464,4.55358 -6.6964999,1.07142 -5.46420006,0.0893

fuselage-bottom 1
10 30 10
cc cc cc
-22.186078,42.6108 2.8741,-1.98357 6.9799,-1.05806 12.33930004,-0.89286 12.33929996,0.89286 6.9799,1.05806 2.8741,1.98357 -1.7186,1.84751 -11.8692999,5.3033 -8.60540006,1.10487 -8.60539994,-1.10486 -11.8693001,-5.3033

windscreen-outer-left 1
30 40 50
cc cc cc
0,-39.98445 -21.83020004,-0.19634 -6.9799,23.54031 9.1494,-5.30826 10.0893001,-2.14286 9.57139994,0

windscreen-outer-right 1
30 40 50
cc cc cc
0.00722204,-39.98445 21.83019996,-0.19634 6.9799,23.54031 -9.1494,-5.30826 -10.0892996,-2.14286 -9.57140036,0

windscreen-inner 1
35 45 55
cc cc cc
-16.083178,-40.12917 -3.2131,4.87691 -0.3572,13.30352 10.0893001,-2.14286 19.1428003,0 10.0892996,2.14286 -0.3572,-13.30352 -3.2131,-4.87691

rudder-left 1
22 55 22
cc cc cc
0.00722204,-142.7523 -3.14279994,28.39285 -1.0715,33.660717 -0.2678,34.248743 4.48209994,0.002

rudder-right 1
22 55 22
cc cc cc
4.4893221,-46.44998 -0.2678,-34.248754 -1.0715,-33.660716 -3.14280006,-28.39285 0,96.3041

wing-left 1
22 55 22
cc cc cc
-28.802878,-16.64048 -399.747092,-5.48807 -0.3344,3.8314 394.022192,35.1877 0,-6.01981 0.8622,-5.92735 1.1581,-7.96225

wing-right 1
22 55 22
cc cc cc
28.817722,-16.64048 399.747078,-5.48807 0.3344,3.8314 -394.022178,35.1877 0,-6.01981 -0.8622,-5.92735 -1.1581,-7.96225

wing-top-left 1
22 55 22
cc cc cc
-32.841878,-3.01886 -67.738602,-4.46114 0.075,-10.14488 71.703002,0.9844

wing-top-right 1
22 55 22
cc cc cc
32.856722,-3.01886 67.738578,-4.46114 -0.075,-10.14488 -71.702978,0.9844

wing-mid-left 1
22 55 22
cc cc cc
-33.999978,4.94339 -122.414492,-7.06139 0.3469,-16.26968 127.265092,1.7472 -4.0394,13.62162

wing-mid-right 1
22 55 22
cc cc cc
34.014822,4.94339 122.414478,-7.06139 -0.3469,-16.26968 -127.265078,1.7472 4.0394,13.62162

wing-bottom-left 1
15 40 15
cc cc cc
-428.88437,-18.29715 394.022192,35.1877 0,-6.01981 0.8622,-5.92735

wing-bottom-right 1
15 40 15
cc cc cc
428.8992,-18.29715 -394.022178,35.1877 0,-6.01981 -0.8622,-5.92735

engine-housing-left 1
33 33 33
cc cc cc
-130.19267,-18.03245 -12.6751,2.95876 -6.1607,6.25 -4.1921,6.88992 -1.6516,8.20663 0.6651,28.83202 4.4643,8.66072 6.6965,6.07142 7.5892,3.57143 6.6072,0.80357 9.0178,-1.51785 6.0715,-3.48215 7.3214,-7.85714 2.9464,-8.39286 -0.1007,-32.03308 -1.1493,-5.19906 -5.1785,-6.07143 -5.2679,-4.73214 -5.8002,-2.83241

engine-housing-right 1
33 33 33
cc cc cc
130.2075,-18.03245 12.6751,2.95876 6.1607,6.25 4.1921,6.88992 1.6516,8.20663 -0.6651,28.83202 -4.4643,8.66072 -6.6965,6.07142 -7.5892,3.57143 -6.6072,0.80357 -9.0178,-1.51785 -6.0715,-3.48215 -7.3214,-7.85714 -2.9464,-8.39286 0.1007,-32.03308 1.1493,-5.19906 5.1785,-6.07143 5.2679,-4.73214 5.8002,-2.83241

engine-left 1
55 55 55
cc cc cc
-133.22487,-14.44869 -5.8929,1.51786 -4.2857,3.21428 -4.1071,4.91072 -2.0409,3.08371 -1.4485,8.33756 -0.1713,5.98944 2.5,5.17857 4.7321,5.625 7.5,4.91072 7.2321,1.07143 6.875,-0.89286 5.3572,-2.94643 5.0893,-5 3.2143,-4.91071 1.1527,-5.17821 -8e-4,-9.75991 -3.1162,-5.68688 -5,-5.625 -8.9286,-4.01786

engine-right 1
55 55 55
cc cc cc
133.2397,-14.44869 5.8929,1.51786 4.2857,3.21428 4.1071,4.91072 2.0409,3.08371 1.4485,8.33756 0.1713,5.98944 -2.5,5.17857 -4.7321,5.625 -7.5,4.91072 -7.2321,1.07143 -6.875,-0.89286 -5.3572,-2.94643 -5.0893,-5 -3.2143,-4.91071 -1.1527,-5.17821 8e-4,-9.75991 3.1162,-5.68688 5,-5.625 8.9286,-4.01786

engine-mid-left 1
22 22 22
cc cc cc
-143.93917,23.40845 -10.2679,11.69643 4.4643,8.66072 6.6965,6.07142 7.5892,3.57143 6.6072,0.80357 9.0178,-1.51785 6.0715,-3.48215 7.3214,-7.85714 2.9464,-8.39286 -10.9163,-9.93145 -2.5658,2.52074 -5.3572,2.94643 -6.875,0.89286 -7.2321,-1.07143

engine-mid-right 1
22 22 22
cc cc cc
143.954,23.40845 10.2679,11.69643 -4.4643,8.66072 -6.6965,6.07142 -7.5892,3.57143 -6.6072,0.80357 -9.0178,-1.51785 -6.0715,-3.48215 -7.3214,-7.85714 -2.9464,-8.39286 10.9163,-9.93145 2.5658,2.52074 5.3572,2.94643 6.875,0.89286 7.2321,-1.07143


intake-left 1
11 11 11
cc cc cc
-148.72707,28.86249 2.1093,5.52811 4.375,4.73214 6.6072,1.69643 13.4821,0.17857 6.9643,-2.58929 4.7321,-5.53571 0.8425,-5.48027 -4.7945,-4.3619 -2.5658,2.52074 -5.3572,2.94643 -6.875,0.89286 -7.2321,-1.07143 -7.5,-4.91072

intake-right 1
11 11 11
cc cc cc
148.7419,28.86249 -2.1093,5.52811 -4.375,4.73214 -6.6072,1.69643 -13.4821,0.17857 -6.9643,-2.58929 -4.7321,-5.53571 -0.8425,-5.48027 4.7945,-4.3619 2.5658,2.52074 5.3572,2.94643 6.875,0.89286 7.2321,-1.07143 7.5,-4.91072


engine-bottom-left 1
11 11 11
cc cc cc
-138.96147,51.7593 2.4719,-7.40713 13.5107,0 3.1468,8.342 -9.0178,1.51785 -6.6072,-0.80357

engine-bottom-right 1
11 11 11
cc cc cc
138.9763,51.7593 -2.4719,-7.40713 -13.5107,0 -3.1468,8.342 9.0178,1.51785 6.6072,-0.80357
